26840806
24923772
21618970
20856279
28719273
27553338
28038797
26991716
23808286
27201334
25768762
20887634
29261322
28348476
20570314
27938177
25154393
21252034
28866478
28989463
28172453
20999639
29280474
22252784
20358402
29714588
20866529
22961898
20177713
27555450
22313106
23778399
27409048
20729442
23250464
29558517
24448443
22913042
26453141
28575263
22879187
24787013
29433790
20922317
24202861
22009525
28722682
21217709
20188386
22428223
22940841
20679385
20672350
29414742
25822900
27400938
26440429
21386984
21639825
25113836
25221250
22781912
20830371
27957904
24493295
24848505
24259530
27009677
29541999
27634851
24728853
24814591
26684808
24642620
22710446
21341439
23777194
22632626
28876375
25322219
24317015
26668203
26979097
27053237
22139283
28727555
22178748
22491454
26808555
25703269
20979276
24967996
29161597
21331020
29037738
29241068
25007953
27473254
20063056
28905397
20292500
22090317
21797984
26877396
25602417
26752178
24726250
26883912
25870771
22812884
28528015
24423936
29473968
21723532
24764297
23661636
28870453
28060710
23582845
25249693
26009852
22430334
27308963
29603275
28901971
26550103
28373101
23377224
28896063
27447565
29269601
21562419
28681586
22714055
26843051
26536909
20257898
24851277
24636358
22098498
21647515
29633571
23417684
26470596
20586787
27050930
28832718
29705923
20144923
25692748
26043124
23416336
24855280
20764123
25927509
29188002
21278890
20779390
20052610
22360162
26407078
26259778
23587095
24004272
21161964
29029646
27444124
28594240
23391177
22405648
26370303
26454000
29258930
21033886
24119354
25382589
27557113
22861772
26571478
21034808
25568352
20520621
23591533
24480240
22802599
22845060
23317019
29922430
21263195
27458122
28280475
27503287
20706697
28398435
28053934
20729573
25342657
29288536
21964036
26741619
27436277
28871032
24508895
27383340
29084164
27268891
27110603
21779965
25528365
27115832
27456645
26148358
29974894
27046081
25739443
26687754
20485090
20425861
22259175
23236075
24261370
21434659
22348667
24615209
21937044
21672321
21307050
25896405
25378806
27560986
20833092
26979949
22425210
26986783
22427703
26424619
29020376
26257963
21542181
21029515
23913983
24494576
29559714
20366558
23735540
23822448
29966629
24782072
21827839
23528496
23400686
24214498
22337973
24320239
29594940
24772774
25613674
22336606
25129588
29843745
24485659
23748500
28302315
28158851
23019194
28916759
29759200
23652501
25766558
22170353
21574568
20007516
21193001
27111775
23699299
26646834
27672630
27160148
27412991
28203598
25444286
25962291
26409818
26219061
22195899
26137090
22880743
24921121
23871239
26738160
23164493
21563059
28481130
27652539
27670963
25818273
26999628
20475143
22047033
23246638
26305582
22186298
22965347
22634513
21236306
22536577
29367785
29379285
22202907
23626199
23897923
20997936
20375526
20692748
20493733
27683653
20422799
21579231
21623178
28780616
29210808
29240083
26453170
28148184
28755574
24197444
24644659
26431744
22661610
29149108
28528489
28278022
29968077
27279091
25142725
25018722
24981486
25296592
23074485
23077365
23130505
23594805
24040511
23046429
20057036
28148042
23267522
25401346
26636913
29669406
21647439
21243486
23267383
23462086
21495508
23104113
20539221
20820585
21253784
22605398
20357943
26181933
26283651
23792335
24047944
24950761
20605645
24559775
28094511
23748314
24951092
28156396
20281697
26228316
23721155
22505812
21286969
29317137
22018021
29841746
28788162
29960142
29195969
22019360
23657794
27357155
21062101
25594427
26982150
26403741
23438412
20536012
24414610
25206654
25989374
27136678
25618492
21095677
27810286
26718265
21115092
26043290
20729075
28944252
24798916
28642685
25549587
29185725
27482267
26112342
24689846
21780718
24251350
20066467
26908165
26020463
29584963
20844348
29766412
27078759
26675309
24761294
24909294
22855624
21286165
26250266
26399210
25733895
21827022
20505120
29635468
23688407
22531664
29903480
20714338
21449161
26614639
20346195
27849910
26156650
25775300
26707878
22998629
27336889
20300182
26087072
21317650
28863934
26507787
28450753
26848729
28832722
21154145
25292109
22960439
24003466
24418445
28411662
23802760
25154998
29468288
23827530
25214742
26155130
23817527
27322641
20907855
29892224
26207348
25447065
23889169
25934707
23750291
27814289
20609372
28833967
27243712
23274056
26746762
21876512
20264351
24488401
22342193
25616930
22154070
28092666
20465956
24265992
20807736
23946993
21062599
25826672
25490079
21737601
22334150
24777291
23884704
25794778
27760448
23986642
23690373
20799285
29306789
24603487
24671756
23055252
27309011
25388826
25458920
23465692
29208281
20989290
24957849
26506475
20478909
24025756
22112227
20563210
21220751
25168881
22956682
26657384
24517160
23683319
20854118
27351594
27328696
26813504
25710791
23304630
23400875