26840806
24957036
21618970
20856279
27553338
28038797
23808286
29078515
27201334
25768762
28348476
25154393
21252034
28866478
28172453
28614663
29654427
20999639
22252784
20358402
22961898
27555450
22313106
29091108
23778399
20729442
24531176
20777801
24448443
24271381
22913042
20426492
26453141
29527279
22879187
24787013
29433790
20492622
20922317
22009525
28722682
21217709
20188386
29313695
22428223
22940841
20679385
22311002
29273098
25822900
27400938
26440429
24142139
26423060
21639825
25113836
25221250
22781912
20830371
27957904
24493295
27009677
29541999
27634851
24728853
21036329
24814591
27459323
22710446
21341439
23777194
22632626
20091879
25322219
25305407
24317015
29473069
26668203
26371925
27053237
22139283
28727555
22178748
22491454
26808555
25703269
20979276
29037738
25007953
20063056
20292500
22090317
21797984
25602417
26752178
24726250
26883912
22812884
28926778
26891080
27522137
23860372
28434604
28528015
29473968
21723532
24764297
20651670
23661636
21239921
28870453
28060710
23582845
25249693
27308963
22243899
29603275
28901971
28086947
26550103
28373101
22615611
23377224
27447565
21123801
20390224
29269601
21562419
28681586
26843051
26536909
24851277
22869120
22098498
21647515
23417684
26470596
28832718
28344951
29705923
25692748
26043124
23416336
20764123
25927509
29188002
22360162
26259778
23587095
29295273
24004272
21161964
27444124
28594240
29101851
23391177
22405648
26370303
26454000
29258930
28479838
21033886
24119354
25382589
27557113
22861772
26106587
21824200
26644656
28358132
26571478
25568352
20520621
23591533
27485768
24480240
22802599
22845060
23317019
20122451
29922430
22511184
27458122
21653622
23821950
28160123
28053934
25126868
20729573
29649776
22481842
29288536
21964036
28752307
27436277
28871032
24508895
27383340
26767756
29084164
21779965
25528365
27115832
21701482
27456645
21204264
26148358
27046081
25739443
20485090
24010254
20425861
21312337
22259175
23236075
21434659
22348667
24264790
21937044
21672321
20115373
21307050
26920660
25896405
22286014
27560986
23174072
21019051
26979949
27310880
26986783
26970581
22427703
26424619
21843583
26257963
21542181
21029515
23913983
29638855
20129795
29559714
27956950
20366558
23735540
23822448
29966629
22317060
21998524
24782072
26967316
21227091
23528496
25633096
25708947
27524226
20751429
24320239
29516513
29594940
27781418
20514333
25613674
22336606
25626563
20770751
25129588
24485659
23748500
28158851
28916759
29759200
29760635
20090307
23652501
21822605
22170353
21383046
21574568
20565870
27111775
23699299
26646834
27672630
27160148
27412991
28203598
25674800
25962291
26409818
26219061
20129261
25395487
24921121
23164493
28271494
21563059
24816784
28481130
27670963
25818273
22047033
27588791
24347318
22186298
22965347
22634513
25014946
22536577
29367785
29379285
22202907
23626199
23897923
20732428
20375526
23025958
20493733
27683653
20422799
21579231
21623178
20831668
20786973
29240083
26453170
29249422
22821243
28148184
28755574
24197444
24644659
28963674
29769516
26431744
22661610
28528489
28278022
29968077
27279091
25142725
28682905
25018722
26099738
24981486
29097512
25296592
23074485
23077365
23130505
23594805
24040511
26854479
28196141
20057036
26389762
24483581
28148042
24449901
25230313
25401346
26636913
29669406
21243486
20187184
28710766
20621477
21495508
27655346
23104113
20539221
20820585
22172448
24862212
22605398
20357943
26283651
23792335
24047944
22606375
20605645
21315784
24559775
20455851
24728439
28094511
27284213
23748314
28156396
23612579
22005424
29199430
20281697
26228316
22505812
23125631
28887492
21286969
22018021
29960142
29195969
22019360
23657794
27357155
21062101
26982150
23438412
24414610
25206654
25989374
28842340
27810286
20790857
29327784
26718265
21115092
26043290
26876053
28944252
25549587
28658981
27482267
26112342
24689846
21780718
24485704
26908165
29584963
20844348
29766412
27078759
26675309
24761294
24909294
22855624
21286165
26250266
28106624
22443393
21827022
20505120
29666076
29635468
22417022
27754563
22531664
24589682
20714338
26614639
25433469
20346195
27849910
25775300
29100308
27770582
26707878
22998629
28512198
27336889
20300182
26087072
21317650
26507787
28450753
28235148
26848729
21154145
25292109
22960439
24003466
29300318
23802760
25154998
29468288
23827530
26155130
29297197
23817527
27322641
22407899
20907855
26207348
21680759
25447065
25934707
27814289
20609372
28833967
29147566
27243712
23274056
26746762
26611347
27556458
21876512
20264351
29381064
22342193
27183740
24188123
28092666
20465956
24265992
23656295
20807736
23946993
25047642
20022233
25490079
25266962
21737601
23686873
22334150
24777291
26166593
21287000
26266020
21343667
27328168
23986642
23690373
20799285
24603487
24362861
24577470
24671756
23055252
20891881
27309011
24772768
25458920
23465692
20989290
29688042
24957849
26506475
20478909
22112227
22637436
20563210
21220751
25168881
26657384
23683319
20854118
27351594
26813504
25710791
23304630
23400875